<network name=midgame>
<info>Weights as of 2016-06-03 12:00:01 </info>
<weights>
<layer>
(0.571602, 0.915263, 0.830154, 0.404363, 0.130076, 0.190698, 0.0676448, 0.906202, 0.538486, 0.339359, 0.598206, 0.0487778)(0.808729, 0.299832, 0.277983, 0.0542731, 0.168573, 0.206866, 0.801792, 0.712616, 0.94167, 0.650235, 0.492647, 0.911498)(0.549553, 0.331451, 0.694333, 0.654073, 0.00521275, 0.610718, 0.330273, 0.902643, 0.713141, 0.752996, 0.600553, 0.500245)(0.621174, 0.0765604, 0.750337, 0.922543, 0.174424, 0.54302, 0.542305, 0.527717, 0.344552, 0.879026, 0.798205, 0.43583)(0.992612, 0.826387, 0.0872044, 0.644156, 0.322495, 0.176253, 0.288004, 0.484642, 0.385743, 0.184398, 0.170201, 0.56243)
</layer>
<layer>
(0.753453, 0.284522, 0.958333, 0.704532, 0.0693335)
</layer>
</weights>
</network>
<network name=midgame>
<info>Weights as of 2016-06-03 12:01:08 </info>
<weights>
<layer>
(0.0962427, 0.550891, 0.832928, 0.0159566, 0.181836, 0.119754, 0.703493, 0.602497, 0.173052, 0.477638, 0.659971, 0.125279)(0.570705, 0.841261, 0.0786879, 0.506733, 0.667535, 0.254779, 0.06994, 0.482008, 0.113968, 0.459008, 0.541901, 0.721922)(0.347058, 0.00205633, 0.560785, 0.111711, 0.522099, 0.922216, 0.687145, 0.848233, 0.249571, 0.536672, 0.849687, 0.681594)(0.547573, 0.0534861, 0.941477, 0.400335, 0.42612, 0.801457, 0.0822714, 0.736115, 0.89221, 0.37719, 0.431533, 0.778194)(0.105234, 0.664965, 0.0646393, 0.393023, 0.531657, 0.556293, 0.615892, 0.294822, 0.0785133, 0.573567, 0.935294, 0.492127)
</layer>
<layer>
(0.173498, 0.976771, 0.590116, 0.0777428, 0.623313)
</layer>
</weights>
</network>
<network name=midgame>
<info>Weights as of 2016-06-03 12:01:35 </info>
<weights>
<layer>
(-4042.76, 34107.6, -2515.56, 26177.4, -681.439, 18044.1, -100.371, 1821.83, -16.3309, 2753.65, -1190.7, 45107.6)(-4042.28, 34107.9, -2516.32, 26177.9, -680.954, 18044.2, -101.004, 1821.71, -16.3899, 2753.63, -1190.82, 45108.2)(-4042.5, 34107, -2515.84, 26177.5, -681.099, 18044.9, -100.387, 1822.08, -16.2543, 2753.71, -1190.51, 45108.2)(-4042.3, 34107.1, -2515.46, 26177.8, -681.195, 18044.8, -100.992, 1821.97, -15.6117, 2753.55, -1190.93, 45108.3)(-4042.75, 34107.7, -2516.33, 26177.7, -681.089, 18044.6, -100.458, 1821.53, -16.4254, 2753.75, -1190.42, 45108)
</layer>
<layer>
(-0.0675727, -0.0278737, 0.589527, 0.110337, 0.387426)
</layer>
</weights>
</network>
<network name=endgame>
<info>Weights as of 2016-06-03 12:01:35 </info>
<weights>
<layer>
(-1909.65, 5880.46, -916.104, 6480.15, -345.879, 5173.51, -116.426, 1071.27, -30.9961, 1099.33, -663.643, 31650.1)(-1909.65, 5880.46, -916.104, 6480.15, -345.879, 5173.51, -116.426, 1071.27, -30.9961, 1099.33, -663.643, 31650.1)(-1909.65, 5880.46, -916.104, 6480.15, -345.879, 5173.51, -116.426, 1071.27, -30.9961, 1099.33, -663.643, 31650.1)(-1909.65, 5880.46, -916.104, 6480.15, -345.879, 5173.51, -116.426, 1071.27, -30.9961, 1099.33, -663.643, 31650.1)(-1909.65, 5880.46, -916.104, 6480.15, -345.879, 5173.51, -116.426, 1071.27, -30.9961, 1099.33, -663.643, 31650.1)
</layer>
<layer>
(0.355324, 0.355324, 0.355324, 0.355324, 0.355324)
</layer>
</weights>
</network>
<network name=midgame>
<info>Weights as of 2016-06-03 12:01:55 </info>
<weights>
<layer>
(-7744.55, 67702.4, -5178.59, 54239.8, -1456.9, 35830.4, -231.943, 3609.69, -28.9578, 5459.77, -2474.08, 90413.8)(-7744.08, 67702.7, -5179.35, 54240.3, -1456.41, 35830.5, -232.577, 3609.57, -29.0169, 5459.76, -2474.2, 90414.4)(-7744.3, 67701.9, -5178.86, 54239.9, -1456.56, 35831.2, -231.959, 3609.94, -28.8813, 5459.83, -2473.89, 90414.4)(-7744.1, 67701.9, -5178.48, 54240.2, -1456.65, 35831, -232.564, 3609.83, -28.2386, 5459.67, -2474.31, 90414.5)(-7744.54, 67702.5, -5179.36, 54240.2, -1456.55, 35830.8, -232.031, 3609.39, -29.0523, 5459.87, -2473.8, 90414.2)
</layer>
<layer>
(-0.159421, -0.131388, 0.486011, 0.00682104, 0.295629)
</layer>
</weights>
</network>
<network name=endgame>
<info>Weights as of 2016-06-03 12:01:55 </info>
<weights>
<layer>
(-3782.85, 11522.3, -1918.08, 14134.9, -765.42, 10444.9, -259.854, 2043.41, -63.3691, 2293.2, -1386.26, 64593.8)(-3782.85, 11522.3, -1918.08, 14134.9, -765.42, 10444.9, -259.854, 2043.41, -63.3691, 2293.2, -1386.26, 64593.8)(-3782.85, 11522.3, -1918.08, 14134.9, -765.42, 10444.9, -259.854, 2043.41, -63.3691, 2293.2, -1386.26, 64593.8)(-3782.85, 11522.3, -1918.08, 14134.9, -765.42, 10444.9, -259.854, 2043.41, -63.3691, 2293.2, -1386.26, 64593.8)(-3782.85, 11522.3, -1918.08, 14134.9, -765.42, 10444.9, -259.854, 2043.41, -63.3691, 2293.2, -1386.26, 64593.8)
</layer>
<layer>
(0.0916521, 0.0916521, 0.0916521, 0.0916521, 0.0916521)
</layer>
</weights>
</network>
<network name=midgame>
<info>Weights as of 2016-06-03 12:02:14 </info>
<weights>
<layer>
(-11605.4, 101714, -7873.11, 79309.9, -2135.86, 53496.4, -348.183, 5376.95, -17.2586, 7949.01, -3734.81, 135294)(-11604.9, 101714, -7873.87, 79310.4, -2135.38, 53496.6, -348.817, 5376.83, -17.3177, 7948.99, -3734.93, 135294)(-11605.2, 101714, -7873.38, 79310, -2135.52, 53497.2, -348.2, 5377.2, -17.1821, 7949.07, -3734.62, 135294)(-11605, 101714, -7873, 79310.2, -2135.62, 53497.1, -348.804, 5377.08, -16.5394, 7948.91, -3735.04, 135294)(-11605.4, 101714, -7873.88, 79310.2, -2135.51, 53496.9, -348.271, 5376.64, -17.3531, 7949.11, -3734.54, 135294)
</layer>
<layer>
(-0.0754368, -0.0474041, 0.569996, 0.0908054, 0.379614)
</layer>
</weights>
</network>
<network name=endgame>
<info>Weights as of 2016-06-03 12:02:14 </info>
<weights>
<layer>
(-5641.99, 17479.3, -2993.55, 20315.6, -1126.46, 15940, -386.113, 3126.15, -77.5684, 3221.46, -2071.03, 96847.5)(-5641.99, 17479.3, -2993.55, 20315.6, -1126.46, 15940, -386.113, 3126.15, -77.5684, 3221.46, -2071.03, 96847.5)(-5641.99, 17479.3, -2993.55, 20315.6, -1126.46, 15940, -386.113, 3126.15, -77.5684, 3221.46, -2071.03, 96847.5)(-5641.99, 17479.3, -2993.55, 20315.6, -1126.46, 15940, -386.113, 3126.15, -77.5684, 3221.46, -2071.03, 96847.5)(-5641.99, 17479.3, -2993.55, 20315.6, -1126.46, 15940, -386.113, 3126.15, -77.5684, 3221.46, -2071.03, 96847.5)
</layer>
<layer>
(-0.0859625, -0.0859625, -0.0859625, -0.0859625, -0.0859625)
</layer>
</weights>
</network>
<network name=midgame>
<info>Weights as of 2016-06-03 12:02:33 </info>
<weights>
<layer>
(-15383.6, 134559, -10399, 104505, -2866.75, 70518.7, -465.185, 7145.01, -24.075, 10585.2, -5025.69, 180670)(-15383.1, 134559, -10399.8, 104505, -2866.27, 70518.8, -465.819, 7144.89, -24.1341, 10585.2, -5025.8, 180671)(-15383.3, 134558, -10399.3, 104505, -2866.41, 70519.5, -465.202, 7145.25, -23.9985, 10585.3, -5025.5, 180670)(-15383.1, 134558, -10398.9, 104505, -2866.51, 70519.3, -465.806, 7145.14, -23.3558, 10585.1, -5025.91, 180671)(-15383.5, 134559, -10399.8, 104505, -2866.4, 70519.1, -465.273, 7144.7, -24.1695, 10585.3, -5025.41, 180670)
</layer>
<layer>
(-0.331296, -0.303263, 0.314136, -0.165054, 0.123754)
</layer>
</weights>
</network>
<network name=endgame>
<info>Weights as of 2016-06-03 12:02:33 </info>
<weights>
<layer>
(-7328.85, 22820.1, -3977.63, 27043.8, -1500.57, 20964.2, -509.111, 4160.6, -105.752, 4285.26, -2787.15, 127435)(-7328.85, 22820.1, -3977.63, 27043.8, -1500.57, 20964.2, -509.111, 4160.6, -105.752, 4285.26, -2787.15, 127435)(-7328.85, 22820.1, -3977.63, 27043.8, -1500.57, 20964.2, -509.111, 4160.6, -105.752, 4285.26, -2787.15, 127435)(-7328.85, 22820.1, -3977.63, 27043.8, -1500.57, 20964.2, -509.111, 4160.6, -105.752, 4285.26, -2787.15, 127435)(-7328.85, 22820.1, -3977.63, 27043.8, -1500.57, 20964.2, -509.111, 4160.6, -105.752, 4285.26, -2787.15, 127435)
</layer>
<layer>
(0.0995844, 0.0995844, 0.0995844, 0.0995844, 0.0995844)
</layer>
</weights>
</network>
<network name=midgame>
<info>Weights as of 2016-06-03 12:02:54 </info>
<weights>
<layer>
(-19228.9, 167704, -12815.6, 129606, -3523.59, 87770.9, -575.517, 8955.92, -29.8855, 13243.2, -6238.33, 226581)(-19228.4, 167704, -12816.3, 129607, -3523.1, 87771, -576.151, 8955.79, -29.9446, 13243.2, -6238.45, 226582)(-19228.6, 167704, -12815.8, 129606, -3523.25, 87771.7, -575.534, 8956.16, -29.809, 13243.3, -6238.14, 226582)(-19228.4, 167704, -12815.4, 129607, -3523.34, 87771.5, -576.138, 8956.05, -29.1664, 13243.1, -6238.56, 226582)(-19228.9, 167704, -12816.3, 129607, -3523.24, 87771.3, -575.605, 8955.61, -29.9801, 13243.3, -6238.06, 226581)
</layer>
<layer>
(-0.229734, -0.201701, 0.415699, -0.0634915, 0.225317)
</layer>
</weights>
</network>
<network name=endgame>
<info>Weights as of 2016-06-03 12:02:54 </info>
<weights>
<layer>
(-9018.54, 28662.5, -4898.61, 33637.9, -1846.23, 26068.9, -628.779, 5159.69, -134.941, 5394.75, -3467.51, 159252)(-9018.54, 28662.5, -4898.61, 33637.9, -1846.23, 26068.9, -628.779, 5159.69, -134.941, 5394.75, -3467.51, 159252)(-9018.54, 28662.5, -4898.61, 33637.9, -1846.23, 26068.9, -628.779, 5159.69, -134.941, 5394.75, -3467.51, 159252)(-9018.54, 28662.5, -4898.61, 33637.9, -1846.23, 26068.9, -628.779, 5159.69, -134.941, 5394.75, -3467.51, 159252)(-9018.54, 28662.5, -4898.61, 33637.9, -1846.23, 26068.9, -628.779, 5159.69, -134.941, 5394.75, -3467.51, 159252)
</layer>
<layer>
(0.248022, 0.248022, 0.248022, 0.248022, 0.248022)
</layer>
</weights>
</network>
